[109. 0.]; [78. -31.]; [94. 78.]; [125. 31.]; [125. 33.]; [141. 16.]; [140. 0.]; [109. 94.]; [110. 422.]; [235. 265.]; [219. -79.]; [172. -62.]; 
[109. 0.]; [93. 32.]; [63. 78.]; [157. 109.]; [109. 62.]; [156. 48.]; [110. -32.]; [94. 78.]; [125. 78.]; [188. 221.]; [187. -78.]; [141. -47.]; 
[94. 0.]; [93. 16.]; [93. 79.]; [94. 219.]; [91. 47.]; [125. 62.]; [125. -31.]; [98. 94.]; [141. 16.]; [172. 265.]; [234. -15.]; [235. -141.]; 
[125. 0.]; [94. 47.]; [78. 78.]; [145. 138.]; [94. 78.]; [156. 47.]; [110. -47.]; [125. 62.]; [125. 94.]; [203. 33.]; [187. 0.]; [219. -78.]; 
[141. 0.]; [63. -16.]; [172. 31.]; [93. 375.]; [94. 125.]; [125. 32.]; [110. -32.]; [125. 62.]; [125. 63.]; [219. -16.]; [219. -16.]; [251. -63.]; 
[125. 0.]; [78. 16.]; [96. 64.]; [125. 62.]; [93. 32.]; [125. 32.]; [109. -47.]; [110. 78.]; [141. 77.]; [218. 32.]; [203. -93.]; [187. -47.]; 
[109. 0.]; [79. -16.]; [93. 78.]; [140. 79.]; [110. 78.]; [125. 31.]; [125. -31.]; [109. 94.]; [125. 94.]; [203. 31.]; [188. -78.]; [172. -32.]; 
[110. 0.]; [93. 32.]; [89. 63.]; [125. 102.]; [94. 47.]; [158. 31.]; [145. -64.]; [108. 64.]; [97. 51.]; [187. 48.]; [289. -94.]; [210. -54.]; 
[109. 0.]; [46. 16.]; [78. 91.]; [125. 31.]; [106. 47.]; [140. 16.]; [125. -62.]; [140. 68.]; [109. 32.]; [187. 47.]; [219. -125.]; [172. -62.]; 
[125. 0.]; [62. 0.]; [94. 78.]; [125. 47.]; [93. 63.]; [125. 32.]; [109. -63.]; [140. 79.]; [125. 31.]; [188. 16.]; [204. -79.]; [187. -94.]; 
