[125. 0.]; [109. -15.]; [203. 78.]; [234. -124.]; [156. -125.]; [125. -62.]; [78. 0.]; [93. 94.]; [140. 32.]; [125. -47.]; [125. -47.]; [125. -62.]; [91. 109.]; [94. 31.]; [156. 78.]; [219. -62.]; [141. -110.]; [141. -63.]; [93. -31.]; [78. 94.]; [156. 47.]; [110. -78.]; [93. 0.]; [125. -62.]; 
[125. 0.]; [109. 31.]; [125. 94.]; [219. -47.]; [141. -141.]; [140. -31.]; [109. -46.]; [78. 78.]; [156. 47.]; [156. -93.]; [94. -63.]; [141. -47.]; [94. 109.]; [94. 31.]; [141. 78.]; [203. -47.]; [140. -109.]; [125. -31.]; [94. -31.]; [93. 78.]; [141. 16.]; [140. -78.]; [109. -15.]; [156. -78.]; 
[125. 0.]; [141. 47.]; [235. 109.]; [266. -141.]; [172. -141.]; [157. -141.]; [110. -32.]; [94. 78.]; [125. 31.]; [125. -63.]; [63. 16.]; [125. -63.]; [94. 109.]; [110. 31.]; [141. 78.]; [172. -47.]; [125. -79.]; [141. -31.]; [94. 15.]; [93. 110.]; [156. 32.]; [140. 0.]; [187. -124.]; [188. 109.]; 
[125. 0.]; [94. 15.]; [157. 109.]; [172. -63.]; [156. -125.]; [141. -31.]; [110. -16.]; [78. 93.]; [156. 32.]; [140. -78.]; [93. -46.]; [140. -62.]; [94. 94.]; [94. -16.]; [188. 78.]; [141. -63.]; [141. -94.]; [125. -78.]; [94. -32.]; [62. 94.]; [125. 63.]; [109. -31.]; [125. -47.]; [156. -62.]; 
[109. 0.]; [94. 63.]; [172. 93.]; [234. -62.]; [156. -140.]; [156. -78.]; [94. -47.]; [93. 94.]; [141. 47.]; [156. -78.]; [110. -47.]; [141. -63.]; [63. 109.]; [109. 31.]; [234. 79.]; [250. -125.]; [141. -141.]; [125. -31.]; [109. -47.]; [78. 78.]; [110. 31.]; [125. -62.]; [93. 0.]; [110. -47.]; 
[109. 0.]; [110. 47.]; [157. 93.]; [188. -63.]; [125. -94.]; [125. -63.]; [93. -46.]; [94. 78.]; [125. 31.]; [141. -62.]; [110. -32.]; [141. -63.]; [93. 94.]; [78. 32.]; [234. 94.]; [203. -125.]; [141. -94.]; [156. -109.]; [93. -31.]; [78. 94.]; [125. 47.]; [109. -62.]; [109. -31.]; [125. -62.]; 
[109. 0.]; [140. 32.]; [141. 78.]; [203. -47.]; [125. -125.]; [125. -62.]; [109. -47.]; [78. 94.]; [219. 78.]; [156. -109.]; [94. -16.]; [140. -62.]; [78. 94.]; [93. 16.]; [265. 79.]; [204. -172.]; [157. -79.]; [140. -78.]; [109. -31.]; [63. 94.]; [172. 46.]; [140. -93.]; [109. -62.]; [156. -78.]; 
[109. 0.]; [110. 31.]; [234. 78.]; [188. -141.]; [125. -63.]; [125. -93.]; [109. -47.]; [94. 78.]; [157. 31.]; [141. -63.]; [109. -47.]; [109. -62.]; [94. 109.]; [94. 31.]; [344. 78.]; [234. -125.]; [172. -156.]; [172. -62.]; [125. -47.]; [95. 77.]; [141. 15.]; [110. -63.]; [110. -32.]; [125. -63.]; 
[93. 0.]; [94. 47.]; [219. 94.]; [235. -110.]; [140. -125.]; [109. -31.]; [110. -47.]; [94. 78.]; [125. 62.]; [172. -94.]; [109. -31.]; [140. -93.]; [93. 110.]; [94. 47.]; [172. 94.]; [219. -63.]; [187. -156.]; [125. -31.]; [141. -47.]; [78. 78.]; [156. 47.]; [141. -78.]; [156. -47.]; [125. -78.]; 
[94. 0.]; [94. 94.]; [157. 93.]; [203. -63.]; [172. -140.]; [125. -63.]; [110. -47.]; [94. 62.]; [125. 62.]; [125. -62.]; [125. -16.]; [125. -47.]; [78. 110.]; [78. 31.]; [203. 94.]; [250. -94.]; [157. -125.]; [141. -78.]; [110. -48.]; [78. 78.]; [141. 31.]; [109. -78.]; [109. 16.]; [140. -62.]; 
