[109. 0.]; [47. 0.]; [78. 94.]; [156. 47.]; [203. -94.]; [125. 270.]; [156. 47.]; [109. -31.]; [93. 94.]; [164. 141.]; [188. 31.]; [187. -125.]; [203. -31.]; 
[110. 0.]; [78. -16.]; [94. 94.]; [157. 46.]; [203. -78.]; [109. 250.]; [124. 35.]; [125. -31.]; [94. 62.]; [125. 15.]; [180. 51.]; [203. -94.]; [172. -47.]; 
[125. 0.]; [63. 0.]; [79. 93.]; [234. 31.]; [188. -31.]; [157. 218.]; [125. 15.]; [125. -62.]; [109. 78.]; [130. 47.]; [188. 278.]; [235. -110.]; [204. -32.]; 
[125. 0.]; [94. 0.]; [110. 62.]; [172. 156.]; [188. -63.]; [94. 189.]; [94. 31.]; [94. -32.]; [94. 94.]; [125. 31.]; [172. 47.]; [203. -110.]; [193. -46.]; 
[125. 0.]; [63. 15.]; [94. 78.]; [172. 93.]; [266. -78.]; [110. 265.]; [141. 15.]; [109. -62.]; [109. 78.]; [125. 63.]; [187. 0.]; [187. -93.]; [203. -47.]; 
[109. 0.]; [78. 47.]; [94. 78.]; [140. 16.]; [219. -78.]; [94. 297.]; [172. 31.]; [94. -63.]; [125. 94.]; [125. 31.]; [234. 16.]; [203. -94.]; [172. -47.]; 
[125. 0.]; [110. 187.]; [125. 62.]; [141. 31.]; [250. -94.]; [110. 172.]; [171. 0.]; [125. -62.]; [121. 78.]; [123. 4.]; [196. 52.]; [218. -93.]; [250. -94.]; 
[109. 0.]; [62. 110.]; [78. 94.]; [188. 31.]; [187. -78.]; [110. 203.]; [140. 0.]; [94. -31.]; [109. 78.]; [109. 32.]; [171. 16.]; [188. -78.]; [192. -63.]; 
[93. 0.]; [62. 32.]; [94. 94.]; [125. 31.]; [250. -109.]; [110. 140.]; [140. 47.]; [110. -63.]; [96. 78.]; [109. 47.]; [188. 31.]; [219. -110.]; [219. -94.]; 
[110. 0.]; [78. 203.]; [94. 78.]; [172. 62.]; [220. -110.]; [110. 157.]; [141. 15.]; [94. -47.]; [125. 94.]; [125. 47.]; [187. 0.]; [188. -94.]; [188. -63.]; 
[110. 0.]; [63. 64.]; [93. 94.]; [157. 47.]; [218. -109.]; [109. 125.]; [125. 16.]; [78. -16.]; [125. 79.]; [125. 46.]; [203. 16.]; [187. -109.]; [219. -78.]; 
